4294967278,132
4294967278,131
4294967278,130
4294967278,129
4294967278,128
4294967278,127
4294967278,126
4294967278,125
4294967278,124
4294967278,123
4294967278,122
4294967278,121
4294967278,120
4294967278,119
4294967278,118
4294967278,117
4294967278,116
4294967278,115
4294967278,114
4294967278,113
4294967278,112
4294967278,111
4294967278,110
4294967278,109
4294967278,108
4294967278,107
4294967278,106
4294967278,105
4294967278,104
4294967278,103
4294967278,102
4294967278,101
4294967278,100
4294967278,99
4294967278,98
4294967278,97
4294967278,96
4294967278,95
4294967278,94
4294967278,93
4294967278,92
4294967278,91
4294967278,90
4294967278,89
4294967278,87
4294967278,86
4294967278,85
4294967278,84
4294967278,82
4294967278,78
4294967278,76
4294967278,75
4294967278,74
4294967278,73
4294967278,72
4294967278,0
4294967278,260
4294967278,67
4294967278,65
4294967278,64
4294967278,63
4294967278,62
4294967278,61
4294967278,60
4294967278,57
4294967278,55
4294967278,54
4294967278,53
4294967278,52
4294967278,51
4294967278,50
4294967278,46
4294967279,45
4294967279,43
4294967279,42
4294967279,41
4294967279,0
4294967279,260
4294967279,35
4294967279,34
4294967279,31
4294967279,27
4294967279,23
4294967279,17
4294967279,16
4294967279,278
4294967279,10
4294967279,9
4294967279,8
4294967279,277
4294967279,7
4294967279,6
4294967279,257
4294967279,5
4294967279,275
4294967279,4
4294967278,83
4294967278,304
4243767290,0
4294967294,92
4294967294,88
4294967294,518
4294967294,30
4294967294,97
4294967294,80
4294967294,50
4294967294,899
4294967294,1415
4294967294,173
4294967294,467
4294967294,179
4294967294,189
4294967294,384
4294967294,184
4294967294,161
4294967294,117
4294967294,116
4294967294,181
4294967294,82
4294967294,180
4294967294,177
4294967294,973
4294967294,972
4294967294,394
4294967294,970
4294967294,174
4294967294,83
4294967294,99
4294967294,165
4294967294,112
4294967294,113
4294967294,167
4294967294,172
4294967294,171
4243767290,3
4243767290,2
4294967294,169
4294967294,164
4294967294,119
4294967294,104
4294967294,106
4294967294,969
4294967294,466
4294967294,954
4294967294,427
4294967294,425
4294967294,18
4294967294,127
4294967294,14
4294967294,126
4294967294,20
4294967294,13
4294967294,160
4294967294,168
4294967294,12
4294967294,166
4294967294,24
4294967294,175
4294967294,183
4294967294,185
4294967294,182
4294967294,176
4294967294,170
4294967294,967
4294967294,163
4294967294,190
4294967294,162
4294967294,1414
4294967294,11
4294967294,419
4294967294,421
4294967294,68
4294967278,81
4294967278,302
4294967278,71
4294967294,81
4294967294,114
4294967294,115
4294967278,524
4294967279,334
4294967278,523
4294967278,80
4294967294,22
4294967294,469
4294967278,79
4294967278,301
4294967278,191
4294967279,333
4294967278,190
4294967278,522
4294967278,77
4294967278,189
4294967278,188
4294967294,414
4294967294,470
4294967294,8
4294967278,184
4294967294,7
4294967294,9
4294967278,187
26,7
26,6
4294967278,186
26,5
26,4
4294967278,185
26,3
26,2
26,1
4294967278,299
4294967278,521
4294967278,70
4294967294,923
4294967279,332
4294967279,331
4294967278,69
4294967278,298
4294967278,520
4294967278,68
4294967278,180
4294967279,330
4294967278,179
4294967278,519
4294967278,66
4294967278,178
4294967278,177
4294967278,176
4294967278,175
4294967294,951
4294967278,173
4294967279,329
4294967278,518
4294967278,59
4294967278,58
4294967278,170
4294967278,294
4294967279,328
4294967278,169
4294967294,468
4294967278,168
4294967278,517
4294967278,56
4294967279,327
4294967294,89
4294967278,167
4294967278,165
4294967278,164
4294967278,163
4294967294,906
4294967294,2
4294967278,516
4294967278,49
4294967279,326
4294967278,48
4294967279,294
4294967278,515
4294967278,47
4294967294,1
4294967294,974
4294967294,46
4294967294,968
4294967279,325
4294967278,514
4294967278,45
23,6
23,5
23,4
23,3
23,2
23,1
0,7
4294967294,17
4294967294,76
4294967294,439
4294967279,324
4294967279,39
4294967294,5
4294967294,0
0,5
4294967279,30
4294967294,90
4294967294,87
4294967294,84
4294967278,513
4294967279,38
4294967294,67
4294967294,971
4294967279,323
4294967279,37
4294967294,6
4294967294,94
4294967294,93
4294967294,96
4294967294,95
4294967294,37
4294967294,42
